[Parameter list]
index=0, 1, 2, 3, 4
nswim=1, 1, 1, 1, 1
nseg=20, 20, 20, 20, 20
nfil=639, 639, 639, 639, 639
nblob=40961, 40961, 40961, 40961, 40961
ar=15.0, 15.0, 15.0, 15.0, 15.0
spring_factor=0.005, 0.005, 0.005, 0.005, 0.005
tilt_angle=0.0, 0.17453292516666666, 0.3490658503333333, 0.5235987755, 0.6981317006666666
force_mag=1, 1, 1, 1, 1
seg_sep=2.6, 2.6, 2.6, 2.6, 2.6
period=1, 1, 1, 1, 1
sim_length=0.006, 0.006, 0.006, 0.006, 0.006
nx=400, 400, 400, 400, 400
ny=400, 400, 400, 400, 400
nz=400, 400, 400, 400, 400
boxsize=4000, 4000, 4000, 4000, 4000
fil_spacing=80.0, 80.0, 80.0, 80.0, 80.0
blob_spacing=8.0, 8.0, 8.0, 8.0, 8.0
fil_x_dim=20, 20, 20, 20, 20
blob_x_dim=200, 200, 200, 200, 200
hex_num=2, 2, 2, 2, 2
reverse_fil_direction_ratio=0.0, 0.0, 0.0, 0.0, 0.0
pair_dp=0.0, 0.0, 0.0, 0.0, 0.0
wavnum=0.0, 0.0, 0.0, 0.0, 0.0
wavnum_dia=0.0, 0.0, 0.0, 0.0, 0.0
dimensionless_force=220.0, 220.0, 220.0, 220.0, 220.0

