[Parameters]
nswim=1.0
nseg=20.0
nfil=159.0
nblob=9000.0
ar=8.0
spring_factor=0.034999999999999996
force_mag=1.0
seg_sep=2.6
period=0.9699558165091564
sim_length=1.0

[Filenames]
simulation_dir=data/JFNK/20240320_JFNK_d/
simulation_file=ciliate_159fil_9000blob_8.00R_0.0350torsion
simulation_icstate_name=data/JFNK/20240320_JFNK_d/psi.dat

