N=53741
rh=1
alpha=1.1246322058984066
beta=20
eta=4.268062016030871
nx=64
ny=64
nz=64
repeat=1
prompt=10
dt=0.1
Fref=1.0
packrep=1000.0
boxsize=4000.0
checkerror=0
$posfile=data/for_paper/roadmap/20250514/flowfield/flow_pos3000.dat
$forcefile=data/for_paper/roadmap/20250514/flowfield/flow_force3000.dat
$torquefile=data/for_paper/roadmap/20250514/flowfield/flow_torque3000.dat
