[Parameter list]
index=0, 1, 2, 3, 4
nswim=1, 1, 1, 1, 1
nseg=20, 20, 20, 20, 20
nfil=639, 639, 639, 639, 639
nblob=40961, 40961, 40961, 40961, 40961
ar=15.0, 15.0, 15.0, 15.0, 15.0
spring_factor=0.005, 0.005, 0.005, 0.005, 0.005
tilt_angle=0.0, 0.3490658503333333, 0.6981317006666666, 1.047197551, 1.3962634013333333
force_mag=1.0, 1.0, 1.0, 1.0, 1.0
seg_sep=2.6, 2.6, 2.6, 2.6, 2.6
period=1, 1, 1, 1, 1
sim_length=30, 30, 30, 30, 30
nx=256, 256, 256, 256, 256
ny=256, 256, 256, 256, 256
nz=256, 256, 256, 256, 256
boxsize=4000, 4000, 4000, 4000, 4000
fil_spacing=20.0, 20.0, 20.0, 20.0, 20.0
blob_spacing=2.0, 2.0, 2.0, 2.0, 2.0
fil_x_dim=1, 1, 1, 1, 1
blob_x_dim=10, 10, 10, 10, 10
hex_num=2, 2, 2, 2, 2
reverse_fil_direction_ratio=0.0, 0.0, 0.0, 0.0, 0.0
pair_dp=1.0, 1.0, 1.0, 1.0, 1.0
wavnum=0.0, 0.0, 0.0, 0.0, 0.0
wavnum_dia=0.0, 0.0, 0.0, 0.0, 0.0
dimensionless_force=220.0, 220.0, 220.0, 220.0, 220.0
fene_model=1, 1, 1, 1, 1
force_noise_mag=0.0, 0.0, 0.0, 0.0, 0.0
omega_spread=0.0, 0.0, 0.0, 0.0, 0.0

